923
400 185
128 19
650 677
198 146
727 213
204 110
12 475
654 559
328 627
823 25
386 289
460 481
863 413
32 583
211 353
766 663
103 24
226 358
334 295
47 862
79 169
337 148
118 381
150 56
21 890
226 67
77 153
776 519
630 363
573 659
203 376
238 674
611 53
313 661
704 847
228 606
71 243
340 529
545 305
755 353
441 777
638 279
549 921
706 550
158 148
38 250
328 55
872 458
284 535
531 264
177 123
289 244
118 480
625 683
643 765
29 511
636 293
67 37
62 58
370 227
127 84
183 177
11 717
782 220
159 65
73 79
3 16
76 63
166 526
60 73
94 85
281 116
899 472
87 11
891 12
780 152
125 174
774 790
525 905
769 211
140 145
399 333
667 174
132 30
828 829
190 405
860 518
49 495
892 291
432 501
488 425
177 666
324 198
704 146
161 123
675 561
151 392
100 87
127 346
85 113
743 27
171 541
122 574
403 327
425 219
36 557
311 396
875 751
244 519
551 373
671 565
45 126
415 294
232 71
319 249
6 40
60 758
287 436
70 230
122 252
53 28
140 528
819 127
86 393
774 15
261 64
778 725
19 22
133 118
258 34
272 85
86 277
155 522
32 27
38 45
868 676
561 168
684 405
620 174
120 180
202 502
476 261
461 254
63 763
1 13
304 515
144 362
77 121
71 228
18 582
233 179
314 424
105 195
217 696
363 375
145 378
629 870
21 4
195 530
188 431
423 105
457 361
431 449
102 110
662 465
449 456
365 119
86 3
313 321
44 573
478 922
28 51
59 352
53 590
377 339
783 693
439 4
177 221
416 648
569 792
91 86
601 263
312 896
801 794
188 145
136 236
314 115
181 170
14 152
408 699
12 351
482 456
135 214
180 227
748 735
119 246
172 44
143 278
735 320
26 21
382 341
357 80
270 275
117 49
321 908
83 842
701 449
693 914
690 570
20 414
440 534
75 44
796 59
628 102
79 137
56 235
450 655
276 371
205 254
152 898
153 546
146 141
231 177
554 17
542 410
454 398
4 24
6 5
300 918
106 184
85 832
375 402
853 561
672 324
734 667
332 28
239 13
84 215
343 705
51 225
594 125
291 597
453 795
141 78
265 154
268 140
781 579
207 676
723 39
315 799
366 12
18 10
681 843
385 252
117 697
673 920
806 339
70 49
121 340
29 512
281 471
559 121
14 49
710 521
897 182
229 171
71 175
111 613
270 7
453 729
596 917
328 548
139 21
105 17
85 447
694 654
7 1
182 205
8 65
807 848
861 64
347 218
137 262
294 533
234 177
88 102
185 168
45 483
623 364
2 4
89 700
213 407
180 201
284 504
294 894
241 38
216 158
194 138
58 55
465 41
141 592
825 726
74 114
124 315
280 162
560 901
41 125
122 487
157 222
626 358
219 161
492 22
3 8
726 665
539 231
93 273
544 389
639 912
111 757
18 165
201 303
99 285
6 579
615 619
709 273
192 77
243 479
264 6
56 88
391 73
635 836
257 248
419 63
13 38
96 136
362 575
747 571
610 30
785 8
12 1
442 288
605 310
199 629
304 130
77 34
612 239
830 803
281 678
838 512
691 657
771 155
312 639
84 17
78 54
171 176
41 83
416 13
29 50
462 93
182 65
206 753
90 664
649 833
638 702
598 396
136 401
316 35
73 517
450 239
95 33
507 393
251 154
814 332
33 71
815 688
788 856
358 738
475 669
213 911
212 708
626 878
22 48
499 447
547 40
527 512
850 19
163 491
879 781
389 59
432 257
506 663
20 7
63 28
279 670
188 383
453 150
684 895
299 27
29 60
869 610
230 552
474 456
240 267
61 47
80 72
351 685
688 285
508 197
17 31
265 322
579 707
750 111
309 877
106 20
755 867
178 4
318 325
665 721
493 812
631 356
236 343
467 497
279 510
866 595
532 625
163 22
420 770
330 324
99 572
244 228
900 808
906 17
93 80
161 845
335 202
149 31
85 36
237 341
309 171
849 126
23 616
452 463
212 76
31 90
344 827
527 540
118 789
466 841
340 810
844 252
206 537
34 464
751 28
38 143
77 746
434 301
27 11
143 640
573 711
158 193
725 411
722 363
13 23
219 240
286 336
329 222
198 584
429 130
569 919
380 394
74 689
1 97
42 47
224 151
68 3
296 279
356 53
524 488
97 523
42 30
145 147
51 635
206 555
396 650
162 249
673 680
123 437
104 44
344 281
322 349
333 54
444 156
826 509
166 79
246 271
222 292
22 595
641 425
169 730
666 739
221 652
209 549
92 728
565 135
5 466
323 144
116 76
131 11
589 142
837 159
138 97
106 368
764 701
807 614
817 810
446 642
261 282
59 196
5 36
578 113
284 261
526 618
191 60
624 546
197 253
3 64
152 345
126 410
58 59
656 347
120 53
95 203
6 839
438 67
89 112
84 388
171 148
740 328
229 245
666 692
556 5
503 80
218 51
430 200
775 828
736 883
233 338
732 517
82 79
563 539
197 159
97 98
3 66
163 367
101 660
766 857
584 657
111 84
500 40
673 649
521 264
3 19
24 199
445 441
50 223
136 189
320 194
39 13
348 64
85 96
168 104
96 134
168 207
77 458
53 56
562 148
469 147
78 617
585 284
317 183
311 299
73 569
435 409
187 2
820 569
749 512
744 32
220 791
129 248
426 472
362 865
398 580
156 149
109 49
270 398
852 52
315 477
478 467
124 86
459 564
125 693
275 762
355 169
804 496
339 858
347 379
291 196
882 167
109 637
422 232
203 411
622 399
114 427
30 142
105 768
2 1
17 448
651 286
105 208
155 1
369 340
289 412
580 742
209 117
3 2
320 687
446 134
207 220
5 33
56 621
767 307
196 494
23 426
620 668
116 724
11 89
399 811
538 426
186 47
58 263
316 441
408 485
364 124
549 741
520 256
397 256
190 118
186 518
876 490
646 425
536 41
773 433
179 473
8 11
775 359
290 89
887 306
259 95
851 779
874 29
409 720
834 432
283 840
194 312
568 462
79 157
240 470
715 58
217 158
303 779
115 57
301 289
71 287
75 119
418 382
237 88
676 793
196 295
809 264
269 643
54 108
274 2
318 80
8 17
497 571
170 286
238 167
808 416
453 797
805 331
660 816
428 43
516 489
238 854
360 395
163 421
266 64
100 307
845 904
139 374
761 127
127 360
784 456
654 831
10 5
323 408
84 170
417 202
512 525
772 762
28 37
593 525
266 350
390 237
726 787
530 803
759 425
20 889
33 130
152 645
52 3
126 607
307 326
14 10
596 58
227 300
786 346
909 439
615 122
9 3
525 679
509 437
107 122
634 80
12 55
649 447
9 256
149 859
602 427
35 10
133 154
581 864
589 647
643 714
798 261
577 130
307 733
135 553
57 247
310 212
498 233
477 567
609 580
484 139
338 913
44 37
27 54
242 588
222 331
760 714
363 350
443 292
7 15
72 55
74 66
581 802
576 375
30 6
337 514
236 490
549 658
157 603
81 144
92 82
695 286
413 406
158 167
313 104
269 70
342 745
315 387
451 440
94 276
288 4
752 194
881 504
824 606
385 452
279 219
297 205
183 305
84 101
822 670
211 157
604 543
21 653
114 455
707 737
644 483
129 608
489 464
242 581
74 129
124 632
55 600
907 553
216 308
99 16
57 140
107 43
460 14
209 293
384 235
312 361
3 34
458 846
373 259
372 105
681 630
719 59
59 135
493 255
69 9
41 32
92 123
260 513
462 543
108 855
354 340
592 599
686 110
369 873
24 731
486 216
609 754
213 196
506 187
92 202
339 79
354 713
837 910
